topology: 2 4 1
7.82637e-06 0.131538
0.0
0.755605 0.45865
0.0
0.532767 0.218959
0.0
0.0470446 0.678865
0.0
0.679296 0.934693
0.0
0.383502 0.519416
0.0
0.830965 0.0345721
0.0
0.0534616 0.5297
0.0
0.671149 0.00769819
0.0
0.383416 0.0668422
0.0
0.417486 0.686773
0.0
0.588977 0.930436
0.0
0.846167 0.526929
0.0
0.0919649 0.653919
0.0
0.415999 0.701191
0.0
0.910321 0.762198
0.0
0.262453 0.0474645
0.0
0.736082 0.328234
0.0
0.632639 0.75641
0.0
0.991037 0.365339
0.0
0.247039 0.98255
0.0
0.72266 0.753356
0.0
0.651519 0.0726859
0.0
0.631635 0.884707
0.0
0.27271 0.436411
0.0
0.766495 0.477732
0.0
0.237774 0.274907
0.0
0.359265 0.166507
0.0
0.486517 0.897656
0.0
0.909208 0.0605643
0.0
0.904653 0.504523
0.0
0.516292 0.319033
0.0
0.986642 0.493977
0.0
0.266145 0.0907329
0.0
0.947764 0.0737491
0.0
0.500707 0.384142
0.0
0.277082 0.913817
0.0
0.529747 0.464446
0.0
0.94098 0.050084
0.0
0.761514 0.770205
0.0
0.827817 0.125365
0.0
0.0158677 0.688455
0.0
0.868247 0.629543
0.0
0.736225 0.725412
0.0
0.999458 0.888572
0.0
0.233195 0.306322
0.0
0.351015 0.513274
0.0
0.591114 0.845982
0.0
0.412081 0.841511
0.0
0.269317 0.415395
0.0
0.537304 0.467917
0.0
0.287212 0.178328
0.0
0.15372 0.571655
0.0
0.802406 0.0330538
0.0
0.53445 0.49848
0.0
0.955361 0.748293
0.0
0.554584 0.890737
0.0
0.624849 0.84204
0.0
0.159768 0.212752
0.0
0.71471 0.130427
0.0
0.0909903 0.274588
0.0
0.0029996 0.414293
0.0
0.0268763 0.70982
0.0
0.937897 0.239911
0.0
0.180896 0.31754
0.0
0.886991 0.652059
0.0
0.150335 0.681346
0.0
0.385815 0.387725
0.0
0.499741 0.147533
0.0
0.587187 0.845576
0.0
0.590109 0.955409
0.0
0.556146 0.148152
0.0
0.983305 0.408767
0.0
0.14182 0.564899
0.0
0.252126 0.488515
0.0
0.464031 0.961095
0.0
0.126031 0.199757
0.0
0.31925 0.629269
0.0
0.126712 0.651254
0.0
0.621634 0.803073
0.0
0.247842 0.476432
0.0
0.389314 0.20325
0.0
0.0283752 0.901673
0.0
0.426497 0.142021
0.0
0.947487 0.410313
0.0
0.131189 0.885648
0.0
0.0921736 0.162199
0.0
0.0710636 0.365339
0.0
0.253057 0.135109
0.0
0.783153 0.455307
0.0
0.349524 0.4523
0.0
0.808945 0.931674
0.0
0.651646 0.215248
0.0
0.679592 0.908922
0.0
0.250126 0.86086
0.0
0.471262 0.505956
0.0
0.600394 0.817561
0.0
0.755844 0.462245
0.0
0.951367 0.632739
0.0
0.43933 0.824697
0.0
0.688981 0.702207
0.0
0.987145 0.954415
0.0
0.85127 0.289316
0.0
0.537426 0.514435
0.0
0.103434 0.414028
0.0
0.576717 0.876566
0.0
0.440039 0.729748
0.0
0.869264 0.715642
0.0
0.80072 0.706535
0.0
0.741716 0.0190924
0.0
0.886031 0.524987
0.0
0.463323 0.0651939
0.0
0.713422 0.488943
0.0
0.667679 0.682049
0.0
0.199555 0.916634
0.0
0.865883 0.890019
0.0
0.543948 0.139195
0.0
0.450347 0.989362
0.0
0.215532 0.446023
0.0
0.315732 0.514659
0.0
0.881504 0.439726
0.0
0.467532 0.80665
0.0
0.365158 0.211519
0.0
0.999117 0.153604
0.0
0.630488 0.61635
0.0
0.000595042 0.000879
0.0
0.773352 0.727335
0.0
0.319178 0.417724
0.0
0.682494 0.680562
0.0
0.205262 0.83642
0.0
0.708921 0.828708
0.0
0.0945488 0.0817376
0.0
0.764005 0.629572
0.0
0.213852 0.213547
0.0
0.0810608 0.388823
0.0
0.95216 0.947545
0.0
0.389854 0.269215
0.0
0.692169 0.284035
0.0
0.776866 0.783865
0.0
0.42246 0.282156
0.0
0.193967 0.0113162
0.0
0.191824 0.983236
0.0
0.244054 0.819726
0.0
0.136455 0.398144
0.0
0.60101 0.17688
0.0
0.828355 0.157731
0.0
0.987937 0.257169
0.0
0.233599 0.101637
0.0
0.219411 0.634717
0.0
0.696007 0.79477
0.0
0.696243 0.75294
0.0
0.669521 0.63343
0.0
0.0564407 0.598217
0.0
0.227008 0.318778
0.0
0.699834 0.117437
0.0
0.762571 0.526123
0.0
0.553911 0.587989
0.0
0.329666 0.702989
0.0
0.143045 0.161688
0.0
0.485325 0.860226
0.0
0.813266 0.556836
0.0
0.738997 0.316007
0.0
0.135332 0.528548
0.0
0.310739 0.588119
0.0
0.518084 0.430848
0.0
0.258843 0.370226
0.0
0.393018 0.446866
0.0
0.475896 0.387831
0.0
0.279293 0.0782632
0.0
0.369742 0.253922
0.0
0.671784 0.676237
0.0
0.513936 0.728608
0.0
0.720768 0.944753
0.0
0.460697 0.940163
0.0
0.32156 0.460434
0.0
0.517145 0.661355
0.0
0.401833 0.60564
0.0
0.986503 0.150394
0.0
0.670098 0.343818
0.0
0.54171 0.522808
0.0
0.829239 0.0149506
0.0
0.27421 0.642979
0.0
0.546137 0.917848
0.0
0.266613 0.970087
0.0
0.246733 0.843975
0.0
0.694024 0.455752
0.0
0.817101 0.0220837
0.0
0.160749 0.70695
0.0
0.707826 0.436638
0.0
0.582421 0.75171
0.0
0.991533 0.695679
0.0
0.279512 0.753863
0.0
0.171179 0.00425392
0.0
0.495691 0.0799169
0.0
0.163081 0.903301
0.0
0.782992 0.746679
0.0
0.436426 0.00634169
0.0
0.584787 0.518478
0.0
0.0668498 0.544023
0.0
0.389731 0.215826
0.0
0.385769 0.626861
0.0
0.659053 0.70932
0.0
0.538661 0.280289
0.0
0.815932 0.37191
0.0
0.686102 0.310169
0.0
0.00934752 0.103797
0.0
0.52096 0.77588
0.0
0.220685 0.0552788
0.0
0.0706349 0.160274
0.0
0.723764 0.297022
0.0
0.0506026 0.477804
0.0
0.457162 0.519988
0.0
0.44649 0.150312
0.0
0.285942 0.833682
0.0
0.695637 0.577776
0.0
0.681164 0.331175
0.0
0.0574753 0.986883
0.0
0.542393 0.00165742
0.0
0.856193 0.0293555
0.0
0.37755 0.489652
0.0
0.576173 0.738959
0.0
0.679332 0.536267
0.0
0.0355877 0.122507
0.0
0.973356 0.188276
0.0
0.351319 0.614126
0.0
0.607611 0.125933
0.0
0.552862 0.954028
0.0
0.356925 0.838102
0.0
0.974252 0.259014
0.0
0.251528 0.424336
0.0
0.813048 0.897914
0.0
0.244586 0.760617
0.0
0.694856 0.451851
0.0
0.26362 0.665503
0.0
0.116571 0.209562
0.0
0.113676 0.546975
0.0
0.00607937 0.175974
0.0
0.599359 0.431908
0.0
0.0825065 0.687414
0.0
0.37531 0.836207
0.0
0.123637 0.973346
0.0
0.0296353 0.0803531
0.0
0.494245 0.769437
0.0
0.93403 0.250155
0.0
0.359658 0.769114
0.0
0.499955 0.749252
0.0
0.671903 0.681666
0.0
0.75677 0.0363676
0.0
0.230572 0.221667
0.0
0.562602 0.652622
0.0
0.61661 0.371466
0.0
0.224801 0.233691
0.0
0.653012 0.165928
0.0
0.744104 0.159758
0.0
0.0476386 0.661994
0.0
0.124945 0.949157
0.0
0.48418 0.621046
0.0
0.914025 0.0179445
0.0
0.593546 0.721872
0.0
0.496582 0.0536944
0.0
0.441633 0.519175
0.0
0.771944 0.0653563
0.0
0.44279 0.97718
0.0
0.467741 0.329056
0.0
0.44593 0.743274
0.0
0.205341 0.171379
0.0
0.37252 0.939725
0.0
0.964851 0.254957
0.0
0.0703352 0.123849
0.0
0.526338 0.160083
0.0
0.517707 0.105185
0.0
0.841576 0.368562
0.0
0.42389 0.327228
0.0
0.713547 0.576776
0.0
0.871884 0.758246
0.0
0.836598 0.699791
0.0
0.38906 0.935242
0.0
0.605603 0.362084
0.0
0.539505 0.455072
0.0
0.401692 0.24044
0.0
0.0830857 0.421579
0.0
0.47238 0.289766
0.0
0.104969 0.216386
0.0
0.802019 0.527439
0.0
0.66882 0.863643
0.0
0.24375 0.711564
0.0
0.263663 0.382822
0.0
0.0810055 0.459763
0.0
0.232867 0.795353
0.0
0.491343 0.00322878
0.0
0.266119 0.664689
0.0
0.425191 0.186825
0.0
0.963476 0.134039
0.0
0.795856 0.946045
0.0
0.171155 0.606001
0.0
0.0638036 0.347492
0.0
0.292468 0.509658
0.0
0.825837 0.834338
0.0
0.726443 0.329434
0.0
0.802084 0.631763
0.0
0.0453407 0.0414204
0.0
0.153315 0.767065
0.0
0.0617314 0.519303
0.0
0.92915 0.220516
0.0
0.204563 0.0889927
0.0
0.699691 0.706461
0.0
0.494631 0.261779
0.0
0.711571 0.378366
0.0
0.200645 0.232608
0.0
0.436096 0.469498
0.0
0.861187 0.977238
0.0
0.444519 0.0342431
0.0
0.523772 0.0316388
0.0
0.753174 0.591588
0.0
0.822891 0.329579
0.0
0.232078 0.536528
0.0
0.430618 0.403581
0.0
0.987325 0.96691
0.0
0.850531 0.867514
0.0
0.311605 0.14839
0.0
0.997599 0.639523
0.0
0.468075 0.931915
0.0
0.690773 0.815407
0.0
0.541535 0.572807
0.0
0.159216 0.94525
0.0
0.821334 0.155414
0.0
0.0410748 0.343613
0.0
0.110019 0.0965383
0.0
0.518773 0.022405
0.0
0.561484 0.856876
0.0
0.516908 0.674525
0.0
0.737175 0.69846
0.0
0.0227995 0.191984
0.0
0.670991 0.345872
0.0
0.0662903 0.14071
0.0
0.921117 0.221656
0.0
0.380115 0.586016
0.0
0.167313 0.0263397
0.0
0.691126 0.762344
0.0
0.713695 0.0773243
0.0
0.589809 0.925503
0.0
0.929698 0.430446
0.0
0.50597 0.831256
0.0
0.919236 0.601638
0.0
0.723836 0.519337
0.0
0.490817 0.161419
0.0
0.976116 0.57436
0.0
0.273251 0.531427
0.0
0.698558 0.667049
0.0
0.0974325 0.548736
0.0
0.610738 0.667965
0.0
0.495125 0.571583
0.0
0.588888 0.441313
0.0
0.151217 0.502275
0.0
0.731364 0.0316565
0.0
0.0516167 0.522063
0.0
0.320642 0.0350595
0.0
0.245142 0.107181
0.0
0.382969 0.551829
0.0
0.597169 0.611111
0.0
0.935252 0.77203
0.0
0.513148 0.486681
0.0
0.650128 0.696996
0.0
0.407538 0.48685
0.0
0.479783 0.71045
0.0
0.534199 0.276647
0.0
0.605538 0.280104
0.0
0.703369 0.53049
0.0
0.938254 0.235403
0.0
0.413494 0.597476
0.0
0.783002 0.920252
0.0
0.681491 0.821177
0.0
0.527413 0.23027
0.0
0.143684 0.899521
0.0
0.251422 0.651515
0.0
0.00481561 0.935936
0.0
0.275353 0.858766
0.0
0.278929 0.952431
0.0
0.50682 0.12295
0.0
0.416475 0.702471
0.0
0.436491 0.107739
0.0
0.766175 0.0998656
0.0
0.441265 0.344576
0.0
0.297064 0.757621
0.0
0.33851 0.330758
0.0
0.0556062 0.573183
0.0
0.485286 0.202482
0.0
0.114475 0.974348
0.0
0.864609 0.491841
0.0
0.367395 0.804912
0.0
0.162204 0.15958
0.0
0.0577229 0.149251
0.0
0.468101 0.380608
0.0
0.883705 0.424134
0.0
0.412248 0.651295
0.0
0.308327 0.0601425
0.0
0.814416 0.897657
0.0
0.919492 0.901218
0.0
0.770046 0.170796
0.0
0.572442 0.0314038
0.0
0.803268 0.522215
0.0
0.861622 0.277198
0.0
0.869494 0.586862
0.0
0.389172 0.811895
0.0
0.52567 0.939871
0.0
0.420038 0.579863
0.0
0.749145 0.880784
0.0
0.338085 0.189549
0.0
0.743126 0.718919
0.0
0.879162 0.072869
0.0
0.710114 0.87906
0.0
0.359379 0.0898531
0.0
0.161029 0.416796
0.0
0.0964286 0.674693
0.0
0.562612 0.813047
0.0
0.878192 0.76936
0.0
0.635205 0.896524
0.0
0.878413 0.486471
0.0
0.113071 0.377485
0.0
0.38262 0.687578
0.0
0.12174 0.0768218
0.0
0.143302 0.477641
0.0
0.708588 0.238019
0.0
0.390967 0.975881
0.0
0.628767 0.681199
0.0
0.908691 0.3624
0.0
0.859213 0.794278
0.0
0.428873 0.073511
0.0
0.498631 0.483873
0.0
0.450735 0.499657
0.0
0.740759 0.932843
0.0
0.300122 0.146196
0.0
0.110018 0.080322
0.0
0.972476 0.408177
0.0
0.23841 0.96316
0.0
0.833474 0.19808
0.0
0.129482 0.196307
0.0
0.339119 0.575679
0.0
0.440268 0.585675
0.0
0.432877 0.368203
0.0
0.382317 0.600133
0.0
0.429473 0.148787
0.0
0.670197 0.995401
0.0
0.698066 0.40274
0.0
0.849278 0.819527
0.0
0.793382 0.374249
0.0
0.00960789 0.479779
0.0
0.639058 0.646495
0.0
0.644898 0.799035
0.0
0.377364 0.357672
0.0
0.3895 0.334307
0.0
0.693589 0.144897
0.0
0.291525 0.666856
0.0
0.854365 0.314699
0.0
0.144142 0.602249
0.0
0.0055882 0.92083
0.0
0.381955 0.516531
0.0
0.344456 0.264133
0.0
0.291 0.833648
0.0
0.124391 0.634619
0.0
0.0486975 0.458046
0.0
0.376817 0.155873
0.0
0.755856 0.665973
0.0
0.0115306 0.794881
0.0
0.560914 0.288654
0.0
0.41556 0.320611
0.0
0.51459 0.719155
0.0
0.842044 0.231895
0.0
0.465007 0.373359
0.0
0.0500431 0.0738503
0.0
0.202449 0.566183
0.0
0.831524 0.422552
0.0
0.839549 0.293043
0.0
0.181196 0.357526
0.0
0.93411 0.589419
0.0
0.36904 0.463059
0.0
0.62783 0.944452
0.0
0.405786 0.0504816
0.0
0.44485 0.595927
0.0
0.748311 0.864172
0.0
0.131023 0.104579
0.0
0.665308 0.833378
0.0
0.581285 0.658594
0.0
0.982032 0.018916
0.0
0.921473 0.194679
0.0
0.967723 0.523072
0.0
0.278796 0.719795
0.0
0.590459 0.837082
0.0
0.834691 0.659888
0.0
0.730448 0.643027
0.0
0.349529 0.534876
0.0
0.664147 0.323429
0.0
0.869188 0.44237
0.0
0.917967 0.276668
0.0
0.951753 0.117238
0.0
0.416007 0.836375
0.0
0.962535 0.332928
0.0
0.526182 0.535956
0.0
0.818107 0.92989
0.0
0.662893 0.243229
0.0
0.941429 0.596723
0.0
0.126034 0.246974
0.0
0.886726 0.196178
0.0
0.162958 0.835997
0.0
0.602405 0.623243
0.0
0.838679 0.671648
0.0
0.391555 0.871284
0.0
0.667348 0.115607
0.0
4.02252e-05 0.676065
0.0
0.628753 0.454547
0.0
0.574346 0.0322694
0.0
0.351393 0.855082
0.0
0.370837 0.661425
0.0
0.57643 0.0599598
0.0
0.744468 0.279493
0.0
0.442624 0.17642
0.0
0.0918009 0.897245
0.0
0.992419 0.594159
0.0
0.0330036 0.690932
0.0
0.487212 0.56934
0.0
0.895724 0.434503
0.0
0.688594 0.203158
0.0
0.48172 0.272443
0.0
0.94712 0.2443
0.0
0.953262 0.476952
0.0
0.127088 0.961436
0.0
0.857156 0.21741
0.0
0.00700794 0.782475
0.0
0.0503933 0.960055
0.0
0.641374 0.5734
0.0
0.137093 0.129043
0.0
0.824627 0.501854
0.0
0.655888 0.505059
0.0
0.526454 0.118397
0.0
0.903056 0.668904
0.0
0.277586 0.386707
0.0
0.391493 0.831097
0.0
0.243001 0.123444
0.0
0.728307 0.648075
0.0
0.201217 0.848695
0.0
0.0225564 0.105562
0.0
0.187979 0.360967
0.0
0.779658 0.719204
0.0
0.666364 0.580969
0.0
0.351173 0.157154
0.0
0.292091 0.16911
0.0
0.223697 0.671352
0.0
0.404765 0.88651
0.0
0.579362 0.341848
0.0
0.43724 0.699639
0.0
0.834283 0.791982
0.0
0.849068 0.28222
0.0
0.264662 0.169961
0.0
0.533532 0.0731837
0.0
0.998736 0.750171
0.0
0.122221 0.1646
0.0
0.425107 0.773202
0.0
0.213568 0.433928
0.0
0.0330772 0.929321
0.0
0.106043 0.266287
0.0
0.482049 0.79278
0.0
0.257524 0.213916
0.0
0.282464 0.380628
0.0
0.208123 0.928528
0.0
0.764064 0.616563
0.0
0.575853 0.356334
0.0
0.907848 0.197901
0.0
0.114107 0.79114
0.0
0.698163 0.0182512
0.0
0.747969 0.114529
0.0
0.894964 0.654629
0.0
0.345891 0.382413
0.0
0.215049 0.331292
0.0
0.0177851 0.914368
0.0
0.78547 0.393451
0.0
0.729983 0.831551
0.0
0.877797 0.129609
0.0
0.343425 0.94207
0.0
0.362191 0.35206
0.0
0.0806552 0.571891
0.0
0.776393 0.844201
0.0
0.493295 0.817317
0.0
0.642734 0.435375
0.0
0.352314 0.349157
0.0
0.281545 0.919119
0.0
0.626152 0.74458
0.0
0.15754 0.776418
0.0
0.251955 0.612058
0.0
0.854603 0.314608
0.0
0.608444 0.125922
0.0
0.373662 0.133293
0.0
0.261863 0.126031
0.0
0.202817 0.750525
0.0
0.0709501 0.458914
0.0
0.963244 0.234676
0.0
0.197518 0.683946
0.0
0.0813265 0.854236
0.0
0.152563 0.120177
0.0
0.809124 0.944193
0.0
0.0455203 0.0602624
0.0
0.829722 0.141179
0.0
0.801168 0.227488
0.0
0.399215 0.599194
0.0
0.655206 0.0537268
0.0
0.986364 0.812305
0.0
0.41358 0.0318384
0.0
0.108049 0.974467
0.0
0.867119 0.67108
0.0
0.834369 0.238217
0.0
0.716939 0.589708
0.0
0.22254 0.227762
0.0
0.00157362 0.447814
0.0
0.409766 0.933005
0.0
0.0224617 0.513499
0.0
0.376501 0.859511
0.0
0.793872 0.609468
0.0
0.331804 0.624005
0.0
0.653873 0.64439
0.0
0.25912 0.0260003
0.0
0.987042 0.207749
0.0
0.642325 0.560325
0.0
0.376933 0.120691
0.0
0.449107 0.137716
0.0
0.5858 0.5426
0.0
0.483601 0.8866
0.0
0.0815947 0.362593
0.0
0.100809 0.299211
0.0
0.841668 0.913002
0.0
0.827927 0.970299
0.0
0.81328 0.797872
0.0
0.839796 0.44872
0.0
0.642095 0.693926
0.0
0.815759 0.468209
0.0
0.193634 0.401555
0.0
0.930652 0.467209
0.0
0.378445 0.517596
0.0
0.227756 0.899267
0.0
0.985847 0.136994
0.0
0.458481 0.689134
0.0
0.279015 0.409278
0.0
0.739932 0.0312551
0.0
0.303932 0.192647
0.0
0.813189 0.274869
0.0
0.717761 0.408626
0.0
0.785073 0.722293
0.0
0.577059 0.632939
0.0
0.798596 0.000275349
0.0
0.627795 0.346431
0.0
0.471857 0.492207
0.0
0.52962 0.318549
0.0
0.857925 0.138002
0.0
0.399142 0.386913
0.0
0.846436 0.0561348
0.0
0.456879 0.765532
0.0
0.292495 0.961921
0.0
1 0.999092
0.0
0.741617 0.349783
0.0
0.796585 0.199
0.0
0.600734 0.542825
0.0
0.251693 0.201617
0.0
0.575624 0.513759
0.0
0.747701 0.60802
0.0
0.989635 0.79845
0.0
0.554778 0.146671
0.0
0.10701 0.523785
0.0
0.2463 0.571627
0.0
0.334365 0.678709
0.0
0.0693666 0.844641
0.0
0.876262 0.332073
0.0
0.1454 0.744075
0.0
0.661891 0.402784
0.0
0.585027 0.555453
0.0
0.494116 0.614501
0.0
0.92483 0.613926
0.0
0.256384 0.0396633
0.0
0.620714 0.343489
0.0
0.0241668 0.171394
0.0
0.610723 0.423845
0.0
0.568438 0.730373
0.0
0.373973 0.365644
0.0
0.376277 0.0866058
0.0
0.583115 0.418166
0.0
0.110807 0.325262
0.0
0.685165 0.563984
0.0
0.871871 0.53186
0.0
0.974538 0.0602413
0.0
0.475344 0.110132
0.0
0.992179 0.549515
0.0
0.698705 0.127237
0.0
0.474984 0.059347
0.0
0.445107 0.917977
0.0
0.439511 0.858511
0.0
0.997177 0.549302
0.0
0.124284 0.846325
0.0
0.190258 0.664346
0.0
0.656273 0.973193
0.0
0.457616 0.159347
0.0
0.139185 0.283333
0.0
0.972964 0.597956
0.0
0.852208 0.062886
0.0
0.925623 0.949394
0.0
0.466668 0.282231
0.0
0.460251 0.430824
0.0
0.866139 0.198631
0.0
0.384766 0.759196
0.0
0.814225 0.672739
0.0
0.721585 0.683365
0.0
0.313986 0.168483
0.0
0.688042 0.920936
0.0
0.165764 0.00381843
0.0
0.176306 0.178152
0.0
0.198052 0.668274
0.0
0.674452 0.517482
0.0
0.323405 0.466967
0.0
0.320824 0.0936437
0.0
0.870438 0.445121
0.0
0.147775 0.652046
0.0
0.941981 0.88235
0.0
0.660927 0.203913
0.0
0.170347 0.0160746
0.0
0.165414 0.109083
0.0
0.361192 0.561133
0.0
0.963839 0.245494
0.0
0.0238609 0.0300402
0.0
0.886172 0.886352
0.0
0.913224 0.547401
0.0
0.172576 0.487048
0.0
0.814419 0.936609
0.0
0.583064 0.548907
0.0
0.471753 0.753337
0.0
0.332312 0.172459
0.0
0.512964 0.380426
0.0
0.828165 0.967038
0.0
0.00477785 0.30139
0.0
0.454566 0.890453
0.0
0.843532 0.250356
0.0
0.733911 0.839556
0.0
0.422961 0.708479
0.0
0.405874 0.5263
0.0
0.52556 0.0915335
0.0
0.403688 0.78213
0.0
0.264789 0.307859
0.0
0.184968 0.756626
0.0
0.620673 0.645346
0.0
0.327313 0.154232
0.0
0.184355 0.455199
0.0
0.53318 0.162428
0.0
0.92577 0.409058
0.0
0.0311874 0.167285
0.0
0.565061 0.985431
0.0
0.140259 0.33357
0.0
0.309118 0.354326
0.0
0.162868 0.32215
0.0
0.379582 0.641376
0.0
0.602311 0.0376828
0.0
0.335103 0.0782141
0.0
0.544029 0.491122
0.0
0.287871 0.252718
0.0
0.43932 0.658614
0.0
0.325579 0.00166435
0.0
0.972696 0.10087
0.0
0.318377 0.955516
0.0
0.349269 0.165406
0.0
0.985489 0.116442
0.0
0.041885 0.960956
0.0
0.785281 0.22039
0.0
0.101461 0.254563
0.0
0.437511 0.243011
0.0
0.282594 0.549228
0.0
0.882302 0.851649
0.0
0.670468 0.55761
0.0
0.757833 0.901996
0.0
0.85338 0.759697
0.0
0.23395 0.99829
0.0
0.261283 0.37504
0.0
0.299503 0.745522
0.0
0.991835 0.766313
0.0
0.42861 0.641665
0.0
0.463801 0.102468
0.0
0.18188 0.863361
0.0
0.503358 0.930975
0.0
0.898036 0.291166
0.0
0.629141 0.9754
0.0
0.544049 0.830669
0.0
0.0548099 0.189622
0.0
0.975294 0.765209
0.0
0.869878 0.0323388
0.0
0.518437 0.375437
0.0
0.969667 0.193147
0.0
0.228571 0.596947
0.0
0.896504 0.549478
0.0
0.0847728 0.776984
0.0
0.77109 0.708398
0.0
0.0519357 0.883565
0.0
0.0716365 0.994661
0.0
0.269917 0.499773
0.0
0.687318 0.748435
0.0
0.944647 0.689707
0.0
0.911773 0.171227
0.0
0.815332 0.282828
0.0
0.481877 0.910853
0.0
0.703183 0.399308
0.0
0.168436 0.902494
0.0
0.210064 0.548365
0.0
0.372777 0.263153
0.0
0.806702 0.235834
0.0
0.658912 0.335606
0.0
0.522131 0.452883
0.0
0.60687 0.667104
0.0
0.0217659 0.819205
0.0
0.377316 0.541796
0.0
0.9697 0.746284
0.0
0.793286 0.758699
0.0
0.453228 0.40675
0.0
0.244226 0.70228
0.0
0.213819 0.661177
0.0
0.407049 0.276393
0.0
0.343149 0.301463
0.0
0.688401 0.954292
0.0
0.778182 0.902304
0.0
0.0216561 0.97424
0.0
0.053752 0.409958
0.0
0.163551 0.796038
0.0
0.0115786 0.602006
0.0
0.921468 0.109927
0.0
0.545015 0.0730384
0.0
0.556517 0.383381
0.0
0.48143 0.390933
0.0
0.408673 0.559109
0.0
0.941078 0.69903
0.0
0.589636 0.0111431
0.0
0.282762 0.387383
0.0
0.745794 0.56569
0.0
0.554309 0.268586
0.0
0.117163 0.16162
0.0
0.354305 0.80831
0.0
0.265734 0.191671
0.0
0.414449 0.648154
0.0
0.529665 0.0728548
0.0
0.469946 0.378955
0.0
0.0988572 0.493255
0.0
0.132815 0.216246
0.0
0.438291 0.353126
0.0
0.993806 0.892149
0.0
0.34994 0.43915
0.0
0.801629 0.982168
0.0
0.301218 0.576638
0.0
0.551921 0.143244
0.0
0.506545 0.499835
0.0
0.729641 0.0825976
0.0
0.217063 0.172927
0.0
0.385219 0.374622
0.0
0.264364 0.164685
0.0
0.856503 0.245427
0.0
0.893365 0.791156
0.0
0.964197 0.250746
0.0
0.284081 0.549814
0.0
0.718898 0.51529
0.0
0.486485 0.351869
0.0
0.858476 0.41221
0.0
0.0204031 0.915687
0.0
0.959515 0.568632
0.0
0.997882 0.400523
0.0
0.58766 0.806355
0.0
0.408225 0.0434072
0.0
0.545435 0.130099
0.0
0.574699 0.96922
0.0
0.681336 0.207209
0.0
0.563862 0.830683
0.0
0.292872 0.306062
0.0
0.977984 0.984922
0.0
0.583705 0.332869
0.0
0.521573 0.0823947
0.0
0.80774 0.681656
0.0
0.594764 0.204153
0.0
0.200402 0.163937
0.0
0.280788 0.197465
0.0
0.793055 0.871827
0.0
0.7892 0.0907455
0.0
0.160008 0.247026
0.0
0.76144 0.51707
0.0
0.391793 0.867991
0.0
0.332695 0.596703
0.0
0.78021 0.986729
0.0
0.954354 0.822799
0.0
0.777039 0.686431
0.0
0.841948 0.627998
0.0
0.768394 0.396655
0.0
0.585257 0.420051
0.0
0.801599 0.477759
0.0
0.690773 0.813622
0.0
0.550919 0.294793
0.0
0.586986 0.47432
0.0
0.898639 0.429241
0.0
0.259919 0.464033
0.0
3.91542e-05 0.658065
0.0
0.0918404 0.562306
0.0
0.679043 0.667623
0.0
0.745264 0.652465
0.0
0.981988 0.279692
0.0
0.782769 0.00518158
0.0
0.0868126 0.0591972
0.0
0.926769 0.214659
0.0
0.781356 0.253661
0.0
0.286591 0.738162
0.0
0.295857 0.47319
0.0
0.909973 0.923061
0.0
0.891786 0.250655
0.0
0.752406 0.68391
0.0
0.468107 0.473922
0.0
0.208753 0.50639
0.0
0.897771 0.835066
0.0
0.958706 0.973102
0.0
0.918436 0.148704
0.0
0.26289 0.396488
0.0
0.771451 0.770618
0.0
0.775716 0.454478
0.0
0.418673 0.636321
0.0
0.647096 0.742002
0.0
0.829492 0.272135
0.0
0.780221 0.180408
0.0
0.119997 0.787707
0.0
0.991853 0.077255
0.0
0.424933 0.841116
0.0
0.633542 0.944811
0.0
0.430353 0.945963
0.0
0.798559 0.377179
0.0
0.246792 0.828705
0.0
0.0416034 0.228601
0.0
0.0940002 0.861429
0.0
0.0434911 0.954651
0.0
0.824232 0.869014
0.0
0.511974 0.750104
0.0
0.998299 0.417458
0.0
0.211603 0.403707
0.0
0.108905 0.362057
0.0
0.0968765 0.203926
0.0
0.38709 0.823579
0.0
0.899207 0.965837
0.0
0.817065 0.416839
0.0
0.817441 0.724963
0.0
0.458524 0.4151
0.0
0.592706 0.60336
0.0
0.667519 0.98743
0.0
0.739097 0.00420215
0.0
0.625461 0.130178
0.0
0.896096 0.677832
0.0
0.32833 0.236833
0.0
0.45146 0.680744
0.0
0.258829 0.145993
0.0
0.70385 0.59878
0.0
0.690966 0.0737121
0.0
0.879646 0.202964
0.0
0.216739 0.732599
0.0
0.785623 0.958215
0.0
0.71546 0.740477
0.0
0.195229 0.215447
0.0
0.0204581 0.83916
0.0
0.760827 0.218624
0.0
0.420198 0.270701
0.0
0.676851 0.835845
0.0
0.0504922 0.622814
0.0
0.633692 0.457732
0.0
0.109521 0.725235
0.0
0.0175173 0.412836
0.0
0.538175 0.102257
0.0
0.640354 0.435772
0.0
0.0278005 0.242478
0.0
0.3299 0.631842
0.0
0.375769 0.54464
0.0
0.768851 0.0789411
0.0
0.762721 0.0482647
0.0
0.184594 0.47033
0.0
0.83848 0.338452
0.0
0.36835 0.853798
0.0
0.786713 0.278563
0.0
0.815297 0.703332
0.0
0.897892 0.870376
0.0
0.412815 0.181981
0.0
0.554443 0.530931
0.0
0.350968 0.725291
0.0
0.97199 0.235327
0.0
0.140848 0.237746
0.0
0.80156 0.8223
0.0
0.401016 0.867889
0.0
0.60237 0.0386598
0.0
0.755131 0.487712
0.0
0.978601 0.355253
0.0
0.729884 0.165043
0.0
0.878878 0.310328
0.0
0.677584 0.150371
0.0
0.287851 0.906707
0.0
0.0221688 0.591714
0.0
0.944596 0.829331
0.0
0.568109 0.211342
0.0
0.0303791 0.582117
0.0
0.641647 0.155059
0.0
0.0682637 0.307525
0.0
0.574306 0.368609
0.0
0.210034 0.034971
0.0
0.75695 0.0652273
0.0
0.275348 0.770594
0.0
0.374207 0.302871
0.0
0.354434 0.967253
0.0
0.622282 0.697825
0.0
0.346591 0.154431
0.0
0.516009 0.565461
0.0
0.696418 0.688987
0.0
0.807667 0.458841
0.0
0.736131 0.161797
0.0
0.32784 0.0124615
0.0
0.440638 0.805494
0.0
0.933097 0.563489
0.0
0.56706 0.575652
0.0
0.987787 0.728453
0.0
0.111175 0.510826
0.0
0.444486 0.474775
0.0
0.544986 0.585182
0.0
0.148493 0.725622
0.0
0.525456 0.345189
0.0
0.587793 0.032957
0.0
0.908952 0.757572
0.0
0.507967 0.409143
0.0
0.46321 0.162533
0.0
0.693285 0.0346696
0.0
0.692757 0.171729
0.0
0.250726 0.947031
0.0
0.74343 0.820092
0.0
0.288709 0.332639
0.0
0.65555 0.835034
0.0
0.424314 0.441389
0.0
0.431431 0.0590458
0.0
0.383153 0.644286
0.0
0.518011 0.208885
0.0
0.737829 0.688851
0.0
0.51332 0.36702
0.0
0.502298 0.123723
0.0
0.41559 0.813234
0.0
0.0291272 0.540555
0.0
0.115948 0.732887
0.0
0.632031 0.549682
0.0
0.510782 0.706819
0.0
0.512091 0.720948
0.0
0.975647 0.705298
0.0
0.946474 0.3822
0.0
0.630165 0.184357
0.0
0.488743 0.30414
0.0
0.686839 0.700235
0.0
0.849437 0.49026
0.0
0.80051 0.179238
0.0
0.449827 0.234011
0.0
0.023474 0.527689
0.0
0.8718 0.338934
0.0
0.458718 0.674611
0.0
0.187636 0.596737
0.0
0.357162 0.820933
0.0
0.423101 0.0518739
0.0
0.845013 0.138688
0.0
0.924011 0.856061
0.0
0.820136 0.0222511
0.0
0.974908 0.275584
0.0
0.735949 0.0991747
0.0
0.829046 0.782175
0.0
0.0123637 0.797382
0.0
0.605344 0.0172278
0.0
0.54719 0.626824
0.0
0.0290541 0.311988
0.0
0.577041 0.320619
0.0
0.651622 0.814288
0.0
0.73563 0.737055
0.0
0.686567 0.129753
0.0
0.754228 0.316178
0.0
0.00321914 0.104098
0.0
0.569399 0.883811
0.0
0.211794 0.616127
0.0
0.240964 0.878211
0.0
0.088676 0.376962
0.0
0.59367 0.803795
0.0
0.389757 0.647873
0.0
0.797826 0.0630678
0.0
0.980936 0.591894
0.0
0.961583 0.331282
0.0
0.863762 0.250697
0.0
0.472729 0.158855
0.0
0.870751 0.714764
0.0
0.0397496 0.0719813
0.0
0.790158 0.185877
0.0
0.0413065 0.237858
0.0
0.682644 0.192756
0.0
0.651416 0.344397
0.0
0.273417 0.317012
0.0
0.0227274 0.980141
0.0
0.228337 0.662178
0.0
0.221213 0.928902
0.0
0.0617473 0.786237
0.0
0.28849 0.65124
0.0
0.384612 0.181159
0.0
0.740659 0.257187
0.0
0.533529 0.0242924
0.0
0.282173 0.483723
0.0
0.934847 0.967667
0.0
0.58707 0.885485
0.0
0.345682 0.869281
0.0
0.00655631 0.191843
0.0
0.311967 0.22577
0.0
0.510074 0.817946
0.0
0.220417 0.543713
0.0
0.191895 0.183057
0.0
0.644666 0.893645
0.0
0.494929 0.279475
0.0
0.13907 0.351769
0.0
0.183774 0.693228
0.0
0.0823492 0.0431582
0.0
0.360519 0.244023
0.0
0.296815 0.570678
0.0
0.384147 0.351096
0.0
0.86668 0.289279
0.0
0.918743 0.320744
0.0
0.747109 0.66245
0.0
0.793832 0.933927
0.0
0.516082 0.795015
0.0
0.809086 0.307525
0.0
0.577993 0.322907
0.0
0.10014 0.0591831
0.0
0.690319 0.195004
0.0
0.433362 0.515876
0.0
0.322814 0.543225
0.0
0.983912 0.612364
0.0
0.00696027 0.981289
0.0
0.527021 0.643222
0.0
0.627369 0.191306
0.0
0.285189 0.171681
0.0
0.443561 0.928788
0.0
0.14413 0.397386
0.0
0.872446 0.195916
0.0
0.756102 0.801325
0.0
0.868794 0.824259
0.0
0.328171 0.570929
0.0
0.603147 0.0842391
0.0
0.805742 0.109146
0.0
0.417251 0.744114
0.0
0.323595 0.659696
0.0
0.503808 0.506807
0.0
0.898505 0.175787
0.0
0.453041 0.268008
0.0
0.408904 0.454629
0.0
0.954362 0.958915
0.0
0.48225 0.174194
0.0
0.685043 0.515791
0.0
0.906563 0.59662
0.0
0.400413 0.743142
0.0
0.980445 0.34589
0.0
0.380316 0.962922
0.0
0.829065 0.0995498
0.0
0.132749 0.104408
0.0
0.785494 0.794239
0.0
0.780114 0.380101
0.0
0.351053 0.139837
0.0
0.243357 0.0968659
0.0
0.0243423 0.121003
0.0
0.703856 0.71328
0.0
0.088807 0.579576
0.0
0.931076 0.587647
0.0
0.589635 0.995334
0.0
0.57643 0.0646321
0.0
0.272528 0.375871
0.0
0.256752 0.238461
0.0
0.810435 0.982881
0.0
0.274655 0.134113
0.0
0.0446624 0.641672
0.0
0.578786 0.655652
0.0
0.535274 0.351099
0.0
0.91961 0.879341
0.0
0.0775374 0.171586
0.0
0.851936 0.483427
0.0
0.956571 0.0960075
0.0
0.597675 0.12307
0.0
0.433636 0.12045
0.0
0.396628 0.134091
0.0
0.661178 0.421591
0.0
0.673604 0.257837
0.0
0.473408 0.569928
0.0
0.78046 0.187079
0.0
0.232948 0.154378
0.0
0.633641 0.600612
0.0
0.485577 0.0971637
0.0
0.0310194 0.343297
0.0
0.784966 0.917023
0.0
0.413157 0.931294
0.0
0.265916 0.245458
0.0
0.40708 0.800032
0.0
0.14194 0.586755
0.0
0.592778 0.811845
0.0
0.680462 0.516441
0.0
0.823268 0.658865
0.0
0.551341 0.383457
0.0
0.754757 0.19445
0.0
0.127778 0.559622
0.0
0.572303 0.701768
0.0
0.60756 0.263983
0.0
0.770103 0.117474
0.0
0.383296 0.0511765
0.0
0.123225 0.047252
0.0
0.1648 0.793975
0.0
0.345646 0.280112
0.0
0.841865 0.223189
0.0
0.130036 0.508137
0.0
0.262527 0.299237
0.0
0.284531 0.110282
0.0
0.510689 0.146664
0.0
0.980176 0.82239
0.0
0.906449 0.687589
0.0
0.308516 0.226136
0.0
0.664316 0.163039
0.0
0.198709 0.699001
0.0
0.110733 0.0823489
0.0
0.0374919 0.12716
0.0
0.18577 0.23412
0.0
0.847198 0.857696
0.0
0.290794 0.368625
0.0
0.478682 0.201087
0.0
0.66524 0.689656
0.0
0.0435392 0.763624
0.0
0.227704 0.0131423
0.0
0.88286 0.235599
0.0
0.714594 0.184213
0.0
0.0630616 0.876697
0.0
0.640094 0.054297
0.0
0.570175 0.936927
0.0
0.933295 0.885486
0.0
0.359691 0.321922
0.0
0.540083 0.17558
0.0
0.965322 0.162713
0.0
0.719937 0.985789
0.0
0.160983 0.643997
0.0
0.660614 0.938363
0.0
0.0726351 0.777723
0.0
0.191256 0.442821
0.0
0.496468 0.131522
0.0
0.497789 0.340833
0.0
0.382243 0.366313
0.0
0.62871 0.725349
0.0
0.935549 0.77319
0.0
0.00130101 0.866038
0.0
0.505529 0.420443
0.0
0.39303 0.655235
0.0
0.537968 0.623929
0.0
0.380405 0.473192
0.0
0.939119 0.769784
0.0
0.766006 0.263746
0.0
0.777598 0.0879195
0.0
0.662258 0.566128
0.0
0.908568 0.302735
0.0
0.0595074 0.141636
0.0
0.473655 0.719641
0.0
0.0095646 0.752224
0.0
0.623197 0.0645333
0.0
0.611334 0.69111
0.0
0.493485 0.996059
0.0
0.767691 0.581827
0.0
0.772596 0.0247698
0.0
0.306745 0.466351
0.0
0.961826 0.414182
0.0
0.15477 0.213207
0.0
0.366802 0.835104
0.0
0.593871 0.185374
0.0
0.579569 0.81746
0.0
0.0535769 0.467173
0.0
0.771369 0.394445
0.0
0.434124 0.325834
0.0
0.296776 0.910829
0.0
0.30169 0.510776
0.0
0.615407 0.150726
0.0
0.250785 0.942107
0.0
0.983965 0.503177
0.0
0.901082 0.490272
0.0
0.00233687 0.275718
0.0
0.999875 0.903613
0.0
0.0249924 0.0471862
0.0
0.0583627 0.902252
0.0
0.154432 0.535012
0.0
0.93921 0.30614
0.0
0.291507 0.366519
0.0
0.0917451 0.96046
0.0
0.44533 0.659514
0.0
0.446813 0.583682
0.0
0.948445 0.516957
0.0
0.504574 0.37191
0.0
0.687722 0.538491
0.0
0.419649 0.0443746
0.0
0.803778 0.100432
0.0
0.958921 0.580275
0.0
0.684991 0.641703
0.0
0.108694 0.816211
0.0
0.0604292 0.634231
0.0
0.52372 0.167929
0.0
0.374412 0.743836
0.0
0.652982 0.670025
0.0
0.115234 0.739727
0.0
0.59933 0.931529
0.0
0.214022 0.0611399
0.0
0.579126 0.362883
0.0
0.968059 0.175809
0.0
0.813962 0.264646
0.0
0.903943 0.564113
0.0
0.0482823 0.480752
0.0
0.991771 0.699477
0.0
0.118094 0.813381
0.0
0.488368 0.00203477
0.0
0.198314 0.0705907
0.0
0.417207 6.26594e-06
0.0
0.105312 0.972477
0.0
0.425215 0.596175
0.0
0.915947 0.314811
0.0
0.0323558 0.80363
0.0
0.612437 0.227608
0.0
0.403955 0.266703
0.0
0.469697 0.202319
0.0
0.379761 0.645802
0.0
0.986112 0.586794
0.0
0.240997 0.429148
0.0
0.691272 0.213618
0.0
0.269706 0.953473
0.0
0.0216787 0.353631
0.0
0.47957 0.133557
0.0
0.687346 0.220639
0.0
0.277095 0.136822
0.0
0.567483 0.682496
0.0
0.717839 0.719747
0.0
0.784569 0.259499
0.0
0.39906 0.997153
0.0
0.155245 0.196651
0.0
0.118353 0.156116
0.0
0.833942 0.061241
0.0
0.276767 0.619122
0.0
0.585313 0.351874
0.0
0.953731 0.35863
0.0
0.49278 0.146443
0.0
0.269562 0.520889
0.0
0.577906 0.862992
0.0
0.304216 0.953591
0.0
0.0120105 0.860072
0.0
0.224663 0.907256
0.0
0.256259 0.950273
0.0
0.240489 0.901834
0.0
0.115747 0.367556
0.0
0.514668 0.0167438
0.0
0.412705 0.327499
0.0
0.28093 0.583021
0.0
0.826259 0.930085
0.0
0.935912 0.872381
0.0
0.109592 0.916494
0.0
0.515788 0.854533
0.0
0.133405 0.136231
0.0
0.637065 0.143851
0.0
0.70522 0.627707
0.0
0.870284 0.866559
0.0
0.261178 0.610937
0.0
0.0243665 0.527873
0.0
0.958849 0.367164
0.0
0.933215 0.549947
0.0
0.962295 0.296111
0.0
0.729671 0.577584
0.0
0.456012 0.187135
0.0
0.171463 0.771319
0.0
0.557062 0.548482
0.0
0.334386 0.0259106
0.0
0.480262 0.763549
0.0
0.972064 0.485026
0.0
0.831783 0.784384
0.0
0.137325 0.0292358
0.0
0.36597 0.858116
0.0
0.36263 0.730151
0.0
0.647369 0.332442
0.0
0.346061 0.239789
0.0
0.135349 0.812004
0.0
0.34635 0.101678
0.0
0.908562 0.194652
0.0
0.522653 0.232136
0.0
0.515333 0.204093
0.0
0.183201 0.0660737
0.0
0.501457 0.981169
0.0
0.502441 0.52742
0.0
0.353386 0.364629
0.0
0.326845 0.276647
0.0
0.612926 0.451776
0.0
0.994794 0.496214
0.0
0.870526 0.932875
0.0
0.823612 0.445769
0.0
0.0388094 0.270346
0.0
0.707452 0.150233
0.0
0.9587 0.866342
0.0
0.611468 0.936504
0.0
0.816441 0.918602
0.0
0.94919 0.0350082
0.0
0.382113 0.172206
0.0
0.272879 0.284482
0.0
0.288365 0.543716
0.0
0.231332 0.00197179
0.0
0.139884 0.03166
0.0
0.109039 0.614815
0.0
0.196891 0.151077
0.0
0.158363 0.610731
0.0
0.549318 0.382257
0.0
0.594898 0.452888
0.0
0.689994 0.729952
0.0
0.305893 0.142256
0.0
0.898144 0.107314
0.0
0.630569 0.968442
0.0
0.600412 0.131947
0.0
0.628793 0.128038
0.0
0.927167 0.892666
0.0
0.0298451 0.606931
0.0
0.684658 0.0388291
0.0
0.600775 0.232868
0.0
0.806936 0.16727
0.0
0.299106 0.0683144
0.0
0.1602 0.484787
0.0
0.812857 0.683257
0.0
0.49272 0.141342
0.0
0.529119 0.907386
0.0
0.434714 0.230527
0.0
0.470712 0.248754
0.0
0.810747 0.219152
0.0
0.289502 0.652955
0.0
0.208676 0.225699
0.0
0.317195 0.0913529
0.0
0.368418 0.00790594
0.0
0.875103 0.861796
0.0
0.198351 0.69123
0.0
0.495345 0.257662
0.0
0.519423 0.947171
0.0
0.10765 0.281286
0.0
0.566859 0.19909
0.0
0.113697 0.901877
0.0
0.850158 0.61052
0.0
0.00689164 0.827823
0.0
0.224729 0.019626
0.0
0.853626 0.890322
0.0
0.64239 0.642054
0.0
0.00385946 0.865903
0.0
0.235741 0.0942017
0.0
0.248698 0.861275
0.0
0.449308 0.518629
0.0
0.5949 0.485735
0.0
0.754091 0.00548941
0.0
0.260497 0.166352
0.0
0.869849 0.553569
0.0
0.825785 0.975457
0.0
0.506497 0.690166
0.0
0.619307 0.689595
0.0
0.0263147 0.271148
0.0
0.181557 0.420896
0.0
0.993945 0.234315
0.0
0.137646 0.421502
0.0
0.192009 0.10224
0.0
0.341074 0.430754
0.0
0.68028 0.461433
0.0
0.310742 0.632557
0.0
0.389645 0.757867
0.0
0.474292 0.4226
0.0
0.643278 0.566197
0.0
0.0697586 0.432824
0.0
0.465556 0.603059
0.0
0.615903 0.475158
0.0
0.972228 0.231401
0.0
0.151634 0.514811
0.0
0.431069 0.978818
0.0
0.990922 0.425526
0.0
0.817021 0.669812
0.0
0.535562 0.19696
0.0
0.303432 0.782289
0.0
0.938371 0.194742
0.0
0.0302937 0.145493
0.0
0.30218 0.730906
0.0
0.332748 0.487891
0.0
0.988146 0.764767
0.0
0.444876 0.0281228
0.0
0.659586 0.656879
0.0
0.167258 0.109731
0.0
0.248455 0.778219
0.0
0.527545 0.444013
0.0
0.527825 0.154141
0.0
0.651788 0.593987
0.0
0.143383 0.834945
0.0
0.912572 0.602232
0.0
0.707396 0.199563
0.0
0.063574 0.487855
0.0
0.379943 0.700175
0.0
0.844077 0.409071
0.0
0.252032 0.900591
0.0
0.236043 0.174854
0.0
0.766164 0.92389
0.0
0.814099 0.558907
0.0
0.548848 0.486288
0.0
0.041205 0.532563
0.0
0.782447 0.593498
0.0
0.915521 0.15827
0.0
0.0373486 0.718541
0.0
0.510704 0.406977
0.0
0.0585477 0.0110114
0.0
0.0684869 0.0586726
0.0
0.110012 0.977116
0.0
0.383664 0.240794
0.0
0.0191207 0.3616
0.0
0.418684 0.820726
0.0
0.94046 0.314604
0.0
0.5439 0.333783
0.0
0.89657 0.645655
0.0
0.530456 0.369621
0.0
0.225867 0.153205
0.0
0.913491 0.0466009
0.0
0.221611 0.607855
0.0
0.226309 0.567751
0.0
0.183222 0.416742
0.0
0.183592 0.633235
0.0
0.780252 0.69626
0.0
0.038689 0.245704
0.0
0.539349 0.831407
0.0
0.462822 0.64586
0.0
0.96476 0.729512
0.0
0.90851 0.334894
0.0
0.570475 0.965072
0.0
0.963741 0.591994
0.0
0.640747 0.0268041
0.0
0.49685 0.553802
0.0
0.74905 0.2902
0.0
0.387249 0.497498
0.0
0.442215 0.302191
0.0
0.927888 0.00733731
0.0
0.318246 0.753316
0.0
0.983366 0.428637
0.0
0.0940683 0.00564456
0.0
0.868118 0.452756
0.0
0.473519 0.439123
0.0
0.345015 0.672995
0.0
0.0199055 0.551991
0.0
0.312989 0.407436
0.0
0.782501 0.495659
0.0
0.539436 0.29497
0.0
0.555356 0.863532
0.0
0.374031 0.333977
0.0
0.152191 0.866305
0.0
0.987988 0.110149
0.0
0.274053 0.0144928
0.0
0.579989 0.870389
0.0
0.619807 0.0934018
0.0
0.804005 0.90962
0.0
0.978863 0.757851
0.0
0.208 0.849359
0.0
0.17219 0.995458
0.0
0.664506 0.346509
0.0
0.77249 0.231068
0.0
0.555694 0.549373
0.0
0.314041 0.0893411
0.0
0.555733 0.19875
0.0
0.398937 0.92974
0.0
0.133129 0.49474
0.0
0.0995039 0.362681
0.0
0.575281 0.755422
0.0
0.373159 0.680556
0.0
0.109921 0.443085
0.0
0.924886 0.552801
0.0
0.924063 0.72093
0.0
0.66649 0.699591
0.0
0.0250363 0.784688
0.0
0.258753 0.858579
0.0
0.132313 0.790095
0.0
0.120215 0.46146
0.0
0.750372 0.504731
0.0
0.00740833 0.511728
0.0
0.608319 0.0169739
0.0
0.280504 0.433937
0.0
0.186764 0.936867
0.0
0.927755 0.778927
0.0
0.43229 0.494322
0.0
0.0726531 0.0803609
0.0
0.625986 0.945025
0.0
0.038419 0.707826
0.0
0.430565 0.509098
0.0
0.40198 0.0790307
0.0
0.268303 0.367183
0.0
0.247241 0.372159
0.0
0.870243 0.174004
0.0
0.482305 0.0959763
0.0
0.0741926 0.955034
0.0
0.26045 0.389076
0.0
0.19442 0.610995
0.0
0.987933 0.197273
0.0
0.574907 0.454107
0.0
0.169951 0.36705
0.0
0.00135434 0.762322
0.0
0.344565 0.0975465
0.0
0.464788 0.692031
0.0
0.962945 0.220423
0.0
0.646646 0.176885
0.0
0.904255 0.811201
0.0
0.848352 0.246148
0.0
0.0102676 0.567826
0.0
0.458099 0.264742
0.0
0.512551 0.446475
0.0
0.89939 0.0529167
0.0
0.371447 0.913758
0.0
0.527377 0.630692
0.0
0.0337345 0.975788
0.0
0.0648155 0.353456
0.0
0.541551 0.847888
0.0
0.449394 0.961115
0.0
0.456171 0.858274
0.0
0.0185558 0.867784
0.0
0.847088 0.00661062
0.0
0.10468 0.353425
0.0
0.00812916 0.626861
0.0
0.657449 0.744073
0.0
0.63957 0.257012
0.0
0.598648 0.485276
0.0
0.0419553 0.142902
0.0
0.753584 0.491754
0.0
0.903034 0.295524
0.0
0.872789 0.967996
0.0
0.111 0.571734
0.0
0.13814 0.718894
0.0
0.450394 0.775146
0.0
0.872537 0.731582
0.0
0.706278 0.41083
0.0
0.82173 0.813283
0.0
0.842835 0.524389
0.0
0.401296 0.587103
0.0
0.441705 0.736285
0.0
0.739529 0.271432
0.0
0.959406 0.741339
0.0
0.686644 0.425502
0.0
0.413509 0.844531
0.0
0.0363607 0.113458
0.0
0.890206 0.684561
0.0
0.412048 0.28767
0.0
0.866202 0.249164
0.0
0.702068 0.661595
0.0
0.421433 0.0190167
0.0
0.613166 0.482199
0.0
0.324932 0.125038
0.0
0.515464 0.404797
0.0
0.425387 0.482227
0.0
0.790702 0.333424
0.0
0.855004 0.0500983
0.0
0.00198728 0.400283
0.0
0.556947 0.609319
0.0
0.822004 0.428414
0.0
0.361125 0.426834
0.0
0.79759 0.0993327
0.0
0.484291 0.47602
0.0
0.47442 0.56899
0.0
0.0132136 0.0814141
0.0
0.327089 0.380451
0.0
0.241366 0.636101
0.0
0.943368 0.193755
0.0
0.433632 0.0596544
0.0
0.61109 0.591948
0.0
0.866953 0.88569
0.0
0.798644 0.815259
0.0
0.0522875 0.795447
0.0
0.0860441 0.142941
0.0
0.40657 0.21557
0.0
0.0774862 0.310631
0.0
0.774475 0.608748
0.0
0.231509 0.970521
0.0
0.554465 0.885974
0.0
0.562727 0.760733
0.0
0.635225 0.221052
0.0
0.224336 0.416761
0.0
0.499441 0.103751
0.0
0.74424 0.439634
0.0
0.926089 0.781586
0.0
0.118925 0.774786
0.0
0.827872 0.0470612
0.0
0.958102 0.81604
0.0
0.176983 0.561559
0.0
0.12168 0.0757743
0.0
0.539434 0.267695
0.0
0.146164 0.578984
0.0
0.978321 0.640155
0.0
0.0794262 0.915817
0.0
0.144449 0.762175
0.0
0.869311 0.509753
0.0
0.413932 0.956157
0.0
0.136002 0.779604
0.0
0.798831 0.954016
0.0
0.150684 0.554308
0.0
0.262802 0.910738
0.0
0.769287 0.411858
0.0
0.0933215 0.454895
0.0
0.4257 0.733423
0.0
0.64811 0.791614
0.0
0.664819 0.621247
0.0
0.295564 0.550068
0.0
0.985106 0.684372
0.0
0.236851 0.749331
0.0
0.0089604 0.597392
0.0
0.370014 0.824905
0.0
0.185411 0.20906
0.0
0.664836 0.900852
0.0
0.614584 0.305808
0.0
0.71972 0.326696
0.0
0.772741 0.46529
0.0
0.129835 0.140787
0.0
0.208414 0.820126
0.0
0.85472 0.277015
0.0
0.788057 0.871225
0.0
0.683691 0.788704
0.0
0.74512 0.234234
0.0
0.778519 0.569214
0.0
0.771757 0.92033
0.0
0.982625 0.978456
0.0
0.912228 0.814702
0.0
0.696904 0.864248
0.0
0.418868 0.910694
0.0
0.0322859 0.629886
0.0
0.495736 0.830622
0.0
0.26772 0.565806
0.0
0.503646 0.780092
0.0
0.00157827 0.525929
0.0
0.288429 0.629726
0.0
0.809428 0.0632955
0.0
0.80814 0.411825
0.0
0.542611 0.666895
0.0
0.501598 0.358241
0.0
0.948683 0.509509
0.0
0.323355 0.62658
0.0
0.924671 0.949752
0.0
0.477922 0.431935
0.0
0.529306 0.0482018
0.0
0.127549 0.713588
0.0
0.272454 0.134334
0.0
0.75973 0.788174
0.0
0.846757 0.452174
0.0
0.684132 0.21142
0.0
0.340302 0.456332
0.0
0.571238 0.803589
0.0
0.919091 0.163418
0.0
0.572856 0.992865
0.0
0.0873677 0.389043
0.0
0.650166 0.341669
0.0
0.438223 0.208449
0.0
0.40845 0.81333
0.0
0.640295 0.435774
0.0
0.0499961 0.283645
0.0
0.226594 0.363617
0.0
0.303654 0.512893
0.0
0.187383 0.339278
0.0
0.247328 0.837318
0.0
0.796486 0.535161
0.0
0.456202 0.384958
0.0
0.985547 0.0835465
0.0
0.166366 0.11062
0.0
0.182083 0.267917
0.0
0.888116 0.557788
0.0
0.750574 0.89988
0.0
0.283745 0.900944
0.0
0.163399 0.239468
0.0
0.746166 0.811853
0.0
0.810724 0.831387
0.0
0.11825 0.431661
0.0
0.92924 0.740154
0.0
0.765349 0.218798
0.0
0.337156 0.588182
0.0
0.580881 0.867864
0.0
0.194781 0.682191
0.0
0.585556 0.447492
0.0
0.993644 0.179788
0.0
0.693316 0.569453
0.0
0.801359 0.439
0.0
0.27289 0.46513
0.0
0.443591 0.425763
0.0
0.793677 0.335346
0.0
0.155823 0.915491
0.0
0.664434 0.134455
0.0
0.778315 0.14603
0.0
0.327063 0.95285
0.0
0.542773 0.383717
0.0
0.134761 0.922971
0.0
0.379528 0.730003
0.0
0.158419 0.553519
0.0
0.985891 0.866185
0.0
0.96574 0.192608
0.0
0.170457 0.865555
0.0
0.386281 0.225192
0.0
0.808468 0.918075
0.0
0.0849971 0.54693
0.0
0.260563 0.280889
0.0
0.903183 0.796292
0.0
0.273772 0.292202
0.0
0.0463033 0.219872
0.0
0.385907 0.932158
0.0
0.77224 0.034999
0.0
0.22827 0.533905
0.0
0.339061 0.598839
0.0
0.682779 0.46299
0.0
0.475311 0.558232
0.0
0.210435 0.773404
0.0
0.608702 0.447189
0.0
0.911083 0.567101
0.0
0.263003 0.29403
0.0
0.765875 0.0590107
0.0
0.793451 0.535025
0.0
0.168194 0.838745
0.0
0.792024 0.552079
0.0
0.795577 0.268333
0.0
0.876711 0.8834
0.0
0.301055 0.828432
0.0
0.452228 0.601171
0.0
0.88867 0.88272
0.0
0.86824 0.506748
0.0
0.908329 0.277907
0.0
0.778888 0.770617
0.0
0.763561 0.176293
0.0
0.963608 0.352666
0.0
0.259576 0.698386
0.0
0.769203 0.99523
0.0
0.832903 0.602341
0.0
0.541271 0.134081
0.0
0.502671 0.386767
0.0
0.399013 0.216716
0.0
0.338549 0.989527
0.0
0.985848 0.139968
0.0
0.44284 0.819157
0.0
0.566065 0.860828
0.0
0.944422 0.908209
0.0
0.272525 0.325281
0.0
0.99649 0.00565812
0.0
0.0959824 0.175458
0.0
0.922475 0.0377142
0.0
0.863133 0.669705
0.0
0.723907 0.698223
0.0
0.027845 0.991102
0.0
0.445487 0.303332
0.0
0.0954877 0.861968
0.0
0.09086 0.0846605
0.0
0.888348 0.466669
0.0
0.298862 0.97805
0.0
0.0921341 0.497669
0.0
0.32901 0.673037
0.0
0.729006 0.401748
0.0
0.177601 0.943989
0.0
0.62528 0.073777
0.0
0.969843 0.153777
0.0
0.52691 0.778675
0.0
0.19626 0.534952
0.0
0.93641 0.237807
0.0
0.825969 0.0664659
0.0
0.0928483 0.500956
0.0
0.57161 0.0444766
0.0
0.519037 0.448233
0.0
0.443754 0.177788
0.0
0.0838111 0.612816
0.0
0.594962 0.523019
0.0
0.377918 0.668077
0.0
0.373031 0.537696
0.0
0.0635275 0.705868
0.0
0.518765 0.883197
0.0
0.898846 0.90501
0.0
0.507012 0.343673
0.0
0.110128 0.915872
0.0
0.0560806 0.546813
0.0
0.288451 0.994419
0.0
0.20728 0.760099
0.0
0.986988 0.299554
0.0
0.602776 0.851921
0.0
0.239675 0.21216
0.0
0.768248 0.939316
0.0
0.0874606 0.949778
0.0
0.915878 0.155022
0.0
0.447531 0.650934
0.0
0.249387 0.450696
0.0
0.842133 0.725026
0.0
0.507305 0.267938
0.0
0.239512 0.472938
0.0
0.673935 0.832153
0.0
0.999937 0.949451
0.0
0.419622 0.586391
0.0
0.475492 0.588188
0.0
0.670501 0.107076
0.0
0.631325 0.684852
0.0
0.303192 0.749134
0.0
0.701545 0.859661
0.0
0.31646 0.737805
0.0
0.283648 0.275877
0.0
0.657069 0.350368
0.0
0.632773 0.0226766
0.0
0.125274 0.487276
0.0
0.64844 0.325953
0.0
0.296327 0.368784
0.0
0.149853 0.574331
0.0
0.784127 0.814282
0.0
0.632737 0.409754
0.0
0.743396 0.256468
0.0
0.463358 0.659755
0.0
0.50765 0.069665
0.0
0.859551 0.476308
0.0
0.309981 0.849083
0.0
0.539558 0.358674
0.0
0.22856 0.40852
0.0
0.992717 0.595741
0.0
0.624197 0.872976
0.0
0.10972 0.0622184
0.0
0.705012 0.143298
0.0
0.405474 0.798644
0.0
0.801343 0.1781
0.0
0.329185 0.60611
0.0
0.882793 0.0971363
0.0
0.570242 0.0560196
0.0
0.521621 0.890506
0.0
0.742054 0.709199
0.0
0.514136 0.085252
0.0
0.831187 0.755784
0.0
0.457128 0.94785
0.0
0.508025 0.378838
0.0
0.126698 0.417558
0.0
0.90328 0.428152
0.0
0.954903 0.0467227
0.0
0.26801 0.45101
0.0
0.127929 0.110995
0.0
0.496625 0.769987
0.0
0.174617 0.785078
0.0
0.807968 0.521226
0.0
0.244401 0.64159
0.0
0.203223 0.574007
0.0
0.343845 0.00391206
0.0
0.749962 0.612752
0.0
0.515792 0.90895
0.0
0.715646 0.860036
0.0
0.631432 0.474453
0.0
0.128442 0.728923
0.0
0.0166606 0.014469
0.0
0.180883 0.100882
0.0
0.526401 0.229924
0.0
0.338733 0.0859129
0.0
0.93866 0.0516147
0.0
0.487784 0.18513
0.0
0.483748 0.357565
0.0
0.586681 0.341732
0.0
0.49641 0.169709
0.0
0.292853 0.980367
0.0
0.0329309 0.469439
0.0
0.858465 0.224284
0.0
0.535034 0.320691
0.0
0.852547 0.761727
0.0
0.3499 0.765198
0.0
0.688079 0.541058
0.0
0.562408 0.391523
0.0
0.319509 0.990208
0.0
0.429181 0.248439
0.0
0.520293 0.568199
0.0
0.715015 0.254077
0.0
0.277065 0.632843
0.0
0.191615 0.477774
0.0
0.942594 0.173494
0.0
0.907766 0.821438
0.0
0.905617 0.705099
0.0
0.606211 0.580371
0.0
0.301074 0.142653
0.0
0.562884 0.399252
0.0
0.232817 0.954534
0.0
0.860612 0.301044
0.0
0.647846 0.349305
0.0
0.763967 0.995526
0.0
0.811484 0.603974
0.0
0.999273 0.783852
0.0
0.192638 0.675007
0.0
0.843681 0.750192
0.0
0.481897 0.246729
0.0
0.778899 0.957315
0.0
0.597498 0.141254
0.0
0.0625046 0.515115
0.0
0.530966 0.947706
0.0
0.0870239 0.610991
0.0
0.931936 0.0443993
0.0
0.218826 0.812413
0.0
0.220367 0.714071
0.0
0.397125 0.485273
0.0
0.978781 0.369876
0.0
0.507424 0.267889
0.0
0.405894 0.856972
0.0
0.128647 0.172002
0.0
0.830412 0.730678
0.0
0.50937 0.989939
0.0
0.89812 0.709069
0.0
0.330219 0.991622
0.0
0.18845 0.271071
0.0
0.890597 0.262741
0.0
0.896049 0.895055
0.0
0.181835 0.103718
0.0
0.182565 0.367192
0.0
0.398931 0.837568
0.0
0.0125978 0.730861
0.0
0.5769 0.962926
0.0
0.892944 0.710977
0.0
0.383388 0.606785
0.0
0.231686 0.939118
0.0
0.758272 0.27392
0.0
0.768317 0.103254
0.0
